15488469
18443037
8621661
26354769
26354769
25152161
18376416
20042463
2121371
17332895
20637498
7825568
14597397
23792098
26354769
2121369
17027502
2121369
14660799
9480815
26354769
22961002
25193871
22613355
12524521
17320357
23758206
7629061
10359825
26354769
21930696
23716719
26354769
11827457
22481384
10914684
26354769
18752978
26354769
26290468
18817903
26354769
11741891
24269233
20170900
26354769
26354769
26354769
10930580
18316726
26354769
18319072
26354769
26354769
17374725
17273968
23335982
26354769
10074490
26354769
26354769
24763291
15945070
24740878
25818551
19375058
9261163
21232131
2121371
26354769
15963506
25914719
24157261
19261679
24434579
10359825
24349441
25416776
15610533
26196125
26354769
24398692
20208537
8463281
25042851
11956200
26354769
10749980
9671747
24573684
25788131
11373292
26354769
15215312
11489896
10954751
15235028
12930833
26354769
15932941
24743154
8528202
26354769
26354769
23335982
23657261
22718200
23076989
23308274
26354769
25203508
29654124
19817875
16488394
26354769
24586645
23716719
15304507
8022826
21145416
8575761
25066056
20042463
8264648
14521938
22569581
26354769
23335982
24349441
9241271
16940977
15130665
7761427
14623864
27476175
24349441
17572665
18606822
10604474
9618513
18188677
26354769
18782763
7550341
12826610
26354769
26354769
26354769
25351951
22267502
22628558
15282207
24721342
21145416
26354769
19717468
26354769
15148656
24920614
20208537
7629061
26354769
26354769
8281144
23053473
26354769
11743006
7825568
26354769
14657499
14623864
24398692
18368028
10924277
12011058
26354769
9671747
16438935
9452509
26354769
26354769
23569283
26310293
15282205
29660012
25351951
10581255
26354769
26381082
26354769
24206186
17027502
24269233
20472482
23541342
14709599
25261707
15649950
26354769
26381082
17572665
18250201
16165386
23910460
14657499
26354769
25261707
24598263
16115810
12572677
16582910
25404562
18093937
26354769
21540551
25351951
15885099
22728077
17033964
15509579
24349441
12217961
16288211
16099424
10974539
24398692
23792098
15303002
10069810
25164082
10582700
14970192
26354769
26354769
25404562
22633490
15811312
26354769
18632794
8413672
24573684
22966035
10537275
25541464
17273964
26354769
23053473
10799308
22930593
24220030
19863800
24398692
12524521
23657261
18313027
23716719
11027581
25216257
17403714
22633490
14559899
20583302
16501610
11162577
26290468
12829805
11030757
11489896
24408909
26354769
29654124
15069187
15870694
25564041
12386167
26004889
25261707
14962673
26354769
14657499
26354769
10767350
26354769
9700195
25560765
26354769
25302077
19933271
14757426
26354769
11956200
26354769
25475986
14521938
26354769
14622413
29654124
22633490
14973778
16278452
